245, 51, 60, 42, 74
246, 52, 61, 42, 75
248, 53, 61, 42, 74
250, 54, 62, 42, 75
251, 54, 63, 42, 75
253, 55, 63, 42, 75
255, 55, 64, 42, 75
256, 56, 65, 43, 75
258, 57, 64, 42, 76
258, 57, 66, 42, 77
259, 57, 66, 43, 77
260, 58, 67, 42, 76
262, 58, 67, 43, 77
263, 59, 68, 42, 77
264, 59, 68, 43, 77
265, 60, 68, 43, 78
266, 60, 69, 43, 78
266, 61, 69, 43, 79
268, 61, 69, 43, 79
268, 61, 69, 43, 79
269, 62, 69, 42, 80
270, 62, 69, 43, 80
271, 63, 70, 43, 81
272, 63, 70, 43, 81
273, 64, 70, 43, 82
274, 63, 70, 43, 83
275, 63, 70, 43, 84
275, 64, 70, 43, 84
276, 65, 70, 44, 86
277, 64, 70, 44, 87
278, 65, 70, 43, 87
278, 65, 70, 43, 88
279, 65, 70, 44, 89
280, 66, 70, 43, 89
280, 65, 70, 44, 90
281, 66, 70, 44, 91
281, 66, 70, 44, 91
282, 65, 70, 44, 92
283, 66, 70, 44, 92
283, 66, 70, 44, 93
284, 66, 70, 44, 94
284, 66, 70, 44, 95
285, 67, 71, 44, 95
286, 67, 70, 44, 96
286, 67, 70, 44, 97
287, 67, 70, 44, 97
287, 67, 70, 44, 98
288, 68, 70, 44, 99
288, 68, 71, 44, 99
288, 68, 71, 45, 100
289, 68, 71, 44, 101
290, 68, 71, 44, 101
290, 68, 71, 45, 102
291, 68, 71, 45, 102
291, 68, 71, 45, 104
292, 68, 71, 45, 104
292, 68, 71, 45, 104
293, 68, 71, 45, 105
293, 69, 71, 45, 105
293, 69, 71, 45, 106
294, 69, 71, 45, 106
294, 69, 71, 45, 107
295, 69, 72, 45, 108
295, 69, 71, 45, 108
296, 69, 71, 45, 109
296, 69, 71, 45, 109
297, 69, 72, 45, 109
297, 69, 71, 45, 110
297, 69, 71, 45, 110
298, 69, 72, 45, 111
298, 70, 71, 45, 111
299, 70, 71, 45, 112
299, 69, 71, 45, 112
300, 69, 71, 46, 113
300, 70, 71, 46, 113
300, 70, 71, 45, 114
301, 70, 72, 46, 115
302, 70, 72, 46, 115
302, 70, 72, 46, 115
302, 70, 72, 46, 116
303, 70, 71, 46, 116
303, 70, 72, 45, 116
303, 70, 72, 46, 117
304, 71, 72, 46, 117
304, 71, 72, 46, 118
305, 71, 72, 46, 118
305, 70, 72, 46, 119
306, 71, 72, 46, 119
306, 71, 72, 46, 119
306, 71, 72, 46, 120
306, 71, 72, 46, 120
307, 71, 72, 47, 120
307, 71, 73, 46, 121
308, 71, 73, 46, 121
308, 71, 73, 46, 121
309, 71, 73, 46, 122
309, 71, 73, 46, 122
309, 72, 73, 46, 123
310, 71, 73, 47, 123
311, 71, 73, 46, 123
311, 71, 73, 46, 123
311, 71, 73, 46, 123
311, 71, 73, 46, 124
312, 72, 73, 47, 124
312, 71, 73, 47, 125
313, 72, 73, 47, 125
313, 72, 73, 47, 125
313, 72, 73, 47, 126
314, 72, 74, 47, 126
315, 72, 74, 47, 126
315, 72, 73, 47, 127
315, 72, 74, 47, 126
316, 72, 74, 47, 127
316, 73, 74, 47, 127
317, 73, 74, 47, 128
317, 72, 74, 47, 128
317, 73, 74, 47, 129
318, 72, 74, 47, 129
318, 73, 74, 47, 129
318, 73, 75, 47, 130
319, 73, 75, 48, 130
319, 73, 74, 47, 130
320, 73, 75, 47, 130
320, 73, 75, 48, 130
320, 73, 75, 48, 130
321, 73, 75, 48, 131
321, 73, 74, 48, 131
322, 73, 75, 48, 131
322, 73, 75, 48, 132
322, 73, 75, 48, 132
322, 73, 75, 48, 132
323, 74, 75, 48, 133
323, 73, 75, 48, 133
324, 73, 75, 48, 133
324, 73, 75, 48, 133
324, 73, 75, 49, 133
325, 73, 76, 48, 134
326, 73, 76, 48, 134
325, 73, 75, 48, 134
326, 74, 76, 48, 134
326, 73, 76, 48, 135
326, 73, 76, 48, 134
327, 73, 76, 48, 135
327, 73, 76, 48, 135
327, 73, 76, 48, 135
328, 73, 76, 48, 135
328, 73, 76, 48, 136
328, 73, 76, 48, 136
329, 73, 77, 48, 136
329, 73, 76, 48, 136
329, 73, 76, 48, 137
329, 74, 76, 48, 137
330, 74, 77, 48, 137
330, 73, 76, 48, 137
330, 73, 77, 48, 137
331, 74, 77, 48, 137
331, 74, 77, 48, 138
331, 74, 77, 49, 138
332, 73, 77, 49, 138
332, 74, 77, 49, 138
332, 74, 77, 49, 139
332, 74, 77, 49, 140
333, 74, 77, 49, 140
333, 74, 78, 49, 140
333, 74, 77, 49, 140
333, 74, 77, 49, 139
334, 74, 78, 49, 140
334, 74, 78, 49, 140
335, 74, 78, 49, 140
335, 74, 78, 49, 140
335, 74, 78, 49, 141
335, 74, 78, 49, 141
335, 74, 78, 49, 141
336, 74, 78, 49, 141
336, 74, 78, 49, 141
336, 74, 79, 49, 142
337, 75, 78, 49, 142
337, 74, 78, 49, 142
337, 74, 78, 49, 142
337, 74, 78, 49, 143
338, 75, 79, 49, 142
338, 74, 78, 49, 143
338, 74, 78, 49, 143
338, 74, 79, 49, 143
338, 74, 79, 50, 143
339, 74, 79, 50, 143
339, 75, 79, 50, 144
340, 75, 79, 50, 144
339, 74, 79, 50, 144
340, 74, 79, 50, 144
340, 75, 79, 50, 144
340, 75, 79, 50, 144
340, 74, 80, 50, 144
340, 75, 80, 49, 144
341, 74, 80, 50, 145
341, 74, 79, 50, 145
341, 75, 80, 50, 145
341, 75, 80, 50, 145
342, 75, 80, 49, 145
342, 74, 80, 50, 146
342, 75, 80, 50, 145
343, 75, 80, 50, 145
342, 75, 80, 50, 146
342, 75, 80, 50, 146
343, 74, 80, 50, 146
343, 75, 80, 50, 146
343, 75, 81, 50, 147
343, 74, 80, 50, 147
343, 75, 81, 50, 146
343, 75, 81, 51, 147
344, 75, 80, 50, 147
345, 75, 81, 50, 147
344, 75, 81, 50, 147
344, 75, 81, 50, 147
345, 75, 81, 50, 148
345, 75, 81, 50, 147
345, 75, 81, 50, 148
346, 75, 81, 50, 148
345, 75, 81, 50, 148
346, 75, 82, 50, 148
346, 75, 82, 51, 148
346, 75, 82, 50, 148
346, 75, 82, 51, 149
346, 75, 81, 51, 149
346, 76, 82, 51, 149
346, 75, 82, 51, 150
347, 75, 82, 51, 149
347, 75, 82, 50, 149
347, 75, 82, 51, 149
347, 75, 82, 50, 150
348, 75, 82, 51, 149
348, 75, 82, 50, 150
348, 75, 82, 51, 150
348, 76, 82, 51, 150
348, 75, 82, 51, 150
348, 75, 83, 51, 150
348, 75, 83, 51, 151
348, 76, 83, 50, 150
348, 75, 83, 51, 151
349, 75, 83, 51, 151
349, 75, 83, 51, 151
349, 75, 83, 51, 151
349, 75, 83, 51, 152
349, 75, 83, 51, 152
349, 75, 83, 51, 152
350, 76, 83, 51, 152
350, 75, 83, 51, 152
350, 75, 83, 51, 152
350, 75, 83, 50, 152
351, 75, 84, 51, 152
350, 75, 83, 51, 152
350, 76, 84, 51, 153
350, 75, 84, 51, 153
351, 76, 84, 51, 153
351, 76, 84, 51, 153
351, 75, 84, 51, 153
351, 75, 84, 51, 153
351, 75, 84, 51, 153
351, 75, 84, 51, 154
351, 76, 84, 51, 154
351, 76, 84, 51, 154
351, 76, 85, 51, 154
351, 76, 85, 51, 154
352, 76, 84, 51, 154
352, 75, 85, 52, 154
352, 75, 85, 52, 155
352, 76, 85, 51, 156
352, 76, 85, 51, 156
352, 76, 85, 52, 156
352, 76, 85, 52, 156
353, 76, 85, 52, 156
353, 76, 85, 52, 157
352, 76, 85, 52, 156
353, 76, 85, 52, 157
353, 76, 85, 52, 157
353, 75, 85, 52, 157
353, 76, 85, 51, 157
353, 76, 85, 52, 158
353, 76, 86, 51, 157
354, 76, 85, 52, 158
354, 76, 86, 52, 158
354, 75, 85, 52, 158
354, 76, 86, 52, 158
354, 76, 86, 52, 158
354, 76, 86, 52, 158
354, 76, 86, 52, 158
354, 76, 86, 52, 158
354, 76, 86, 52, 159
355, 76, 87, 52, 159
355, 76, 86, 52, 159
355, 76, 86, 52, 160
355, 76, 86, 52, 159
355, 76, 87, 52, 159
355, 76, 86, 52, 159
355, 76, 86, 52, 159
355, 76, 86, 52, 160
355, 76, 87, 52, 159
356, 76, 86, 52, 160
355, 76, 86, 52, 160
356, 76, 87, 52, 160
356, 76, 87, 52, 160
356, 76, 87, 52, 160
356, 76, 87, 52, 160
356, 77, 87, 52, 161
356, 76, 87, 52, 161
356, 76, 87, 52, 160
356, 76, 87, 52, 161
356, 76, 87, 52, 161
356, 77, 87, 52, 161
356, 76, 87, 52, 161
356, 76, 88, 52, 162
357, 76, 88, 52, 161
357, 76, 88, 52, 161
357, 77, 88, 52, 161
357, 77, 88, 53, 161
357, 76, 88, 52, 162
357, 77, 88, 52, 162
357, 77, 88, 52, 162
357, 76, 88, 52, 162
358, 77, 88, 52, 162
358, 76, 88, 52, 162
358, 77, 88, 52, 162
358, 77, 89, 53, 162
358, 77, 88, 52, 162
358, 77, 88, 52, 162
358, 76, 88, 52, 162
358, 77, 88, 52, 163
358, 77, 88, 53, 163
358, 76, 88, 52, 163
358, 77, 88, 52, 163
359, 77, 89, 53, 163
359, 77, 88, 53, 164
359, 76, 89, 53, 163
359, 77, 89, 52, 163
359, 77, 89, 53, 163
359, 77, 89, 53, 164
359, 77, 89, 52, 164
359, 77, 89, 53, 164
359, 77, 89, 52, 163
359, 77, 89, 53, 164
359, 77, 89, 53, 164
359, 77, 89, 53, 164
360, 77, 89, 53, 165
360, 77, 89, 53, 165
360, 77, 89, 53, 165
360, 77, 90, 53, 165
360, 77, 89, 53, 165
360, 77, 90, 53, 165
360, 77, 90, 53, 165
360, 77, 90, 53, 165
360, 77, 89, 53, 165
360, 77, 90, 53, 165
360, 77, 90, 53, 166
360, 77, 90, 53, 166
361, 77, 89, 53, 166
361, 77, 90, 53, 166
361, 77, 90, 53, 166
361, 77, 90, 53, 166
361, 77, 90, 53, 166
361, 77, 90, 53, 166
361, 77, 91, 53, 166
361, 77, 91, 52, 166
361, 77, 90, 54, 166
362, 77, 90, 53, 167
362, 77, 90, 53, 167
361, 77, 90, 53, 167
361, 77, 90, 53, 167
361, 77, 90, 53, 167
362, 78, 90, 53, 167
361, 77, 90, 53, 167
362, 77, 90, 53, 167
362, 78, 91, 53, 167
362, 77, 91, 53, 167
362, 77, 91, 53, 168
362, 77, 91, 53, 168
362, 77, 91, 53, 168
362, 77, 91, 53, 168
363, 78, 91, 53, 168
362, 77, 91, 53, 168
362, 77, 91, 53, 168
362, 78, 91, 53, 168
362, 78, 91, 53, 168
362, 78, 91, 54, 168
363, 77, 91, 53, 169
363, 78, 91, 53, 169
363, 77, 91, 53, 169
363, 77, 91, 53, 169
363, 77, 91, 53, 169
363, 78, 91, 53, 169
363, 78, 91, 53, 169
363, 78, 91, 53, 169
363, 77, 91, 53, 170
363, 78, 92, 53, 169
363, 77, 92, 53, 170
363, 78, 92, 53, 170
363, 78, 92, 54, 170
364, 78, 92, 53, 171
363, 78, 92, 53, 170
364, 78, 92, 53, 171
364, 77, 92, 54, 170
364, 78, 92, 53, 170
363, 78, 92, 53, 170
364, 78, 92, 53, 171
364, 78, 92, 53, 171
364, 78, 92, 53, 171
364, 78, 93, 54, 171
364, 78, 92, 54, 171
364, 78, 93, 53, 171
364, 78, 92, 54, 171
364, 78, 93, 54, 172
364, 78, 92, 53, 171
364, 78, 93, 53, 171
364, 78, 93, 54, 171
365, 78, 92, 54, 172
365, 78, 93, 54, 172
365, 78, 93, 54, 172
365, 78, 93, 54, 172
365, 78, 93, 54, 172
365, 78, 93, 54, 172
365, 78, 93, 54, 172
365, 78, 93, 54, 172
365, 78, 93, 54, 173
365, 78, 92, 54, 173
365, 78, 93, 54, 173
365, 78, 93, 54, 173
365, 78, 93, 54, 173
365, 78, 93, 54, 173
366, 78, 93, 54, 173
365, 78, 93, 54, 173
366, 78, 93, 54, 173
366, 78, 93, 54, 173
366, 79, 93, 54, 173
366, 79, 93, 54, 173
366, 79, 93, 54, 173
366, 78, 93, 54, 174
366, 79, 93, 54, 174
366, 79, 93, 54, 174
366, 79, 94, 54, 175
366, 79, 94, 54, 174
366, 78, 93, 54, 174
366, 79, 94, 54, 174
366, 78, 93, 54, 174
366, 79, 93, 54, 174
366, 79, 94, 54, 175
366, 79, 94, 54, 175
367, 79, 94, 54, 174
367, 79, 94, 54, 175
367, 79, 93, 54, 175
366, 79, 93, 54, 175
366, 79, 94, 54, 175
366, 79, 94, 55, 175
367, 79, 94, 54, 175
367, 79, 94, 54, 175
367, 79, 94, 54, 175
367, 79, 95, 54, 175
367, 79, 94, 54, 175
367, 79, 94, 54, 175
367, 79, 94, 54, 176
367, 79, 94, 54, 176
367, 79, 94, 54, 176
367, 79, 95, 54, 176
367, 79, 94, 54, 176
367, 79, 94, 54, 176
367, 79, 94, 54, 176
367, 79, 94, 54, 176
367, 79, 94, 54, 176
367, 79, 94, 54, 177
367, 79, 94, 54, 176
367, 79, 94, 54, 176
367, 79, 94, 54, 177
367, 79, 94, 54, 177
367, 79, 95, 54, 177
367, 79, 95, 55, 177
367, 79, 94, 54, 176
367, 79, 95, 54, 177
367, 79, 95, 54, 177
367, 80, 95, 54, 177
367, 79, 94, 54, 177
367, 79, 95, 55, 177
367, 79, 95, 54, 177
368, 80, 95, 54, 177
367, 79, 95, 54, 177
367, 79, 95, 54, 178
367, 79, 95, 54, 177
367, 79, 95, 55, 177
367, 79, 95, 54, 177
367, 79, 95, 54, 178
368, 79, 95, 54, 178
368, 80, 95, 54, 178
368, 79, 95, 54, 178
368, 79, 95, 54, 178
368, 79, 95, 54, 178
368, 79, 95, 54, 178
368, 79, 95, 54, 178
368, 79, 95, 54, 178
368, 79, 96, 54, 178
368, 80, 95, 55, 178
368, 80, 96, 54, 178
368, 79, 95, 54, 178
368, 79, 95, 54, 178
368, 80, 95, 54, 178
368, 80, 95, 55, 179
368, 80, 96, 54, 179
368, 80, 96, 54, 179
368, 79, 96, 54, 179
368, 80, 96, 54, 179
368, 79, 96, 54, 179
368, 79, 96, 54, 179
368, 79, 96, 55, 179
368, 79, 96, 54, 179
369, 80, 96, 55, 179
369, 80, 96, 54, 179
369, 79, 96, 54, 179
369, 79, 96, 54, 179
369, 80, 96, 54, 179
369, 79, 96, 54, 180
369, 80, 96, 54, 180
369, 80, 96, 54, 180
369, 80, 96, 54, 180
369, 80, 96, 55, 180
369, 80, 96, 54, 180
369, 80, 96, 54, 180
369, 80, 96, 54, 180
369, 80, 96, 54, 180
370, 80, 96, 54, 181
369, 80, 96, 55, 180
369, 80, 96, 55, 180
369, 80, 96, 55, 181
370, 80, 96, 54, 181
370, 80, 96, 54, 181
370, 80, 96, 54, 181
370, 80, 96, 55, 181
370, 80, 97, 55, 181
370, 80, 97, 55, 181
370, 80, 96, 55, 181
370, 80, 97, 55, 181
370, 80, 97, 55, 182
370, 80, 97, 55, 181
371, 80, 96, 55, 181
370, 80, 97, 54, 182
370, 80, 97, 55, 181
370, 80, 97, 55, 181
370, 80, 97, 55, 181
370, 81, 96, 55, 182
370, 80, 97, 55, 182
370, 80, 97, 54, 182
370, 80, 97, 55, 182
370, 80, 97, 55, 182
370, 80, 97, 55, 182
370, 80, 97, 55, 182
371, 80, 97, 55, 182
370, 80, 97, 55, 182
370, 80, 97, 55, 183
370, 81, 97, 55, 182
370, 80, 97, 55, 182
370, 81, 97, 55, 182
370, 81, 97, 55, 182
371, 80, 97, 55, 182
371, 81, 98, 55, 182
371, 81, 97, 55, 183
371, 81, 97, 55, 183
371, 81, 97, 55, 183
371, 81, 97, 55, 183
371, 81, 97, 55, 183
371, 80, 97, 55, 183
371, 80, 97, 55, 182
371, 81, 97, 55, 183
371, 81, 97, 55, 183
371, 80, 97, 55, 183
371, 81, 97, 55, 184
371, 80, 97, 55, 183
371, 80, 97, 54, 183
371, 80, 97, 55, 183
371, 81, 97, 54, 183
371, 81, 97, 55, 183
371, 80, 98, 55, 184
372, 81, 98, 55, 184
372, 81, 98, 55, 184
371, 81, 98, 55, 184
371, 81, 97, 55, 184
371, 81, 98, 55, 184
371, 81, 97, 55, 184
371, 81, 98, 55, 184
372, 81, 98, 55, 184
372, 81, 98, 55, 184
371, 81, 98, 55, 184
372, 81, 98, 55, 184
372, 80, 98, 55, 184
372, 80, 98, 54, 184
372, 81, 98, 55, 184
372, 81, 98, 55, 184
372, 81, 98, 55, 185
372, 81, 98, 55, 184
372, 81, 98, 55, 184
372, 81, 98, 55, 185
372, 81, 99, 55, 184
372, 81, 98, 55, 185
373, 81, 98, 55, 185
373, 82, 98, 55, 185
372, 81, 98, 55, 185
372, 81, 98, 55, 185
372, 81, 98, 55, 185
372, 81, 98, 55, 185
372, 81, 98, 55, 185
373, 81, 98, 55, 185
373, 81, 98, 55, 186
373, 81, 98, 55, 185
373, 81, 98, 55, 185
373, 81, 98, 55, 185
373, 81, 98, 55, 185
373, 81, 98, 55, 185
373, 81, 98, 55, 186
373, 81, 98, 55, 185
373, 81, 99, 55, 185
373, 81, 98, 55, 185
373, 81, 98, 55, 186
373, 81, 98, 55, 186
373, 81, 99, 55, 186
373, 82, 98, 55, 186
373, 81, 98, 55, 186
373, 82, 98, 55, 186
373, 81, 99, 55, 186
373, 82, 99, 55, 186
374, 82, 98, 55, 186
373, 81, 99, 55, 186
373, 81, 99, 55, 186
373, 82, 99, 55, 186
373, 81, 98, 55, 186
373, 81, 99, 55, 186
373, 82, 99, 55, 187
373, 81, 98, 55, 186
373, 82, 99, 55, 186
373, 81, 99, 55, 186
373, 82, 99, 55, 186
373, 82, 99, 55, 186
373, 82, 99, 55, 186
374, 82, 99, 55, 186
374, 82, 99, 55, 186
373, 82, 99, 55, 187
374, 82, 99, 55, 186
374, 82, 99, 55, 186
374, 82, 99, 55, 187
374, 82, 99, 55, 187
374, 82, 99, 55, 187
374, 82, 99, 55, 187
374, 82, 99, 56, 187
374, 81, 99, 55, 187
374, 82, 99, 55, 187
374, 82, 99, 55, 187
374, 82, 99, 56, 187
374, 82, 99, 55, 187
373, 82, 98, 55, 187
373, 81, 97, 55, 185
373, 81, 95, 55, 183
372, 81, 91, 55, 182
371, 80, 89, 55, 180
